00000000000000000000000000010101
00000111110000000000000000000101
00000000000000000000000000100111
00000000000000000000000000010011
00000000000000000000000000000101
00000000000000000000000000100011
00000000000000000000000000011001
00000000000111111110000000000101
00000000000000000000000000111001
00000000000000000000000000001101
00000000000000000000000000010101
00000000000000000000000000101011
00000000000111111111100010110101
00000000000000000000000000001011
00000000000000000000000000110101
00000000000000000000000000111001
00000000000000000000000000000111
00000000000000000000000000001101
00000000000000000000000001100001
00000000000000000000000000001101
00000000000000000000000000111001
00000000111000000000000000000001
00000000000000000000000000011001
00000000000000000000000000000001
00000000000000000000000000000001
00000000000000000000000000011001
00000000000000000000000000000001
00000000000000000000000000000001
00000000000000000000000000000001
00000000000000000000000000000001
00000000000000000000000000000001
00000000000000000000000000000001
00000000000000000000000000000001
00000000000000000000000000000001
00000000000000000000000000000001
00000000000000000000000000000001
00000000000000000000000000000001
00000000000000000000000000000001
00000000000000000000000000000001
00000000000000000000000000000001
00000000000000000000000000000001
00000000000000000000000000000001
00000000000000000000000000000001
00000000000000000000000000000001
00000000000000000000000000000001
00000000000000000000000000000001
00000000000000000000000000000001
00000000000000000000000000000001

