00000000000000000000000000000001
00000000000000000000000000000001
00000000111000000000000000000001
00000000000000000000000000000001
00000000000000000000000000000001
00000000000011110000000000000001
00000000001000000000000000000001
00000000000000000000000000000001
00000000100000000000000000000001
00000000000000000000000000000001
00000000000000000000000000000001
00000000000011111000000000000001
00101010000001000000000000000001
00000000001111000000000000000001
00000000000111000000000000000001
00000010000000000000000000000001
00000000000000000000000000000001
00000000110000000000000000000001
00000000000000111000000000000001
00000000000000000000000000000001
00000000000000000000000000000001
00000000000000000000100000000001
00000000000000000000000000000001
00000000000000000000000000000001
00000100000000000000000000000001
00000000000000000000000000000001
00000000000000000000000100000001
00000000000000000000000000000001
00000000000000000000000000000001
00000000000000000000000000000001
00000000110000000000000000000001
00000000000000000000000000000001